lastAccountName: TYC_Index
timestamps:
  login: 1618194204582
  logout: 1618194909320
ipAddress: 58.164.227.97
logoutlocation:
  world: world
  x: 777.8776639762324
  y: 72.0
  z: -675.1222849661729
  yaw: -18.918152
  pitch: 11.16726
lastlocation:
  world: world
  x: 768.9119057986708
  y: 72.49020769199626
  z: -681.9781635982031
  yaw: 167.32123
  pitch: 17.16117
