lastAccountName: jonowono
timestamps:
  login: 1618311756494
  logout: 1618315188992
  lastteleport: 1618314779444
ipAddress: 211.26.240.86
logoutlocation:
  world: world
  x: 285.6344225418443
  y: 100.78918243608955
  z: -590.1339150241834
  yaw: 102.56995
  pitch: 25.500095
lastlocation:
  world: world
  x: 290.5
  y: 71.0
  z: -596.5
  yaw: -3.7252903E-8
  pitch: 21.150002
