lastAccountName: Taytaygirl2000
timestamps:
  login: 1618469398985
  logout: 1618469430146
  lastteleport: 1618372925868
ipAddress: 110.141.22.254
logoutlocation:
  world: world
  x: 308.86341516623594
  y: 115.48391295429712
  z: -592.6024437054829
  yaw: -87.75159
  pitch: 42.59995
homes:
  home:
    world: world
    x: 788.707093001539
    y: 71.5
    z: -671.6835066337366
    yaw: -80.099945
    pitch: 33.60001
lastlocation:
  world: world
  x: 454.83708090506025
  y: 92.61932221594216
  z: -604.7691611722621
  yaw: 356.21774
  pitch: 41.100132
