lastAccountName: LolnessgirlHtur
timestamps:
  login: 1618543889730
  logout: 1618544044197
ipAddress: 1.120.167.85
lastlocation:
  world: world
  x: 777.1586326776987
  y: 74.35602151921266
  z: -570.4034681077038
  yaw: 56.879486
  pitch: 21.000261
afk: false
logoutlocation:
  world: world
  x: 781.2684238871814
  y: 76.1630078192019
  z: -564.0128227691239
  yaw: 304.83008
  pitch: 54.750156
