world: world
x: 766.8232410780917
y: 78.0
z: -648.0524513104563
yaw: 250.98135
pitch: 9.149685
name: Mt
lastowner: ea595a1c-28f6-4a97-b587-f1f95afea06c
