world: world
x: 293.19879077877306
y: 71.0
z: -586.2880754338275
yaw: 236.82812
pitch: 45.450134
name: Spawn
lastowner: ea595a1c-28f6-4a97-b587-f1f95afea06c
